function [estimate_RDM_ltv,simulationResults,story]=simJudgeByMultiArrangement_circArena_ltw_maxNitems()
%% test variables
itemPos_test = [-0.47574590062771893 0.6682920107229295; 0.9498516139040716 0.8178013277468763; -0.883351179590929 -0.8925415421279062; 0.6569846503554722 -0.1723846601460466; 0.45527871462463865 0.5180771211272932; -0.4212044356063249 -0.25462264304388116; 0.44563099762616587 0.903468954920871; -0.7882176465672521 -0.10830097544045159; 0.88565629013524 0.12909032195835968; 0.4980733987023058 -0.6034542090938828; -0.00804164333516133 0.6873706776469679; 0.19999819290054788 0.7672876807045841];
itemPos_test(:,:,2) =  [-0.814752230207324 0.9530336241147703; -0.0007826957015832914 0.5344949960378613; -0.7008095457819825 0.6342089972261908; -0.4982895917215473 -0.9545986593280509; 0.6110782307330134 -0.35301398240471005; -0.09444074852252338 0.37112970125632216; 0.31019630800021813 0.32312571376816135; 0.32612445821008573 0.41682842692273625; 0.47768356294228176 0.4950296132681413; 0.9734589701578087 0.6386905919029504; -0.8625777788080693 0.35043794871421063; 0.019077025917328072 0.44213533673324634];

itemPos_test(:,:,3) =  [0.10615403991782246 0.1390327139544143; -0.19351914550085403 -0.9423466963978717; 0.3263879133073897 0.653704275521183; -0.8173532190734616 -0.4608109095014403; 0.4735967934610972 -0.3623289154621758; -0.8965704353610007 -0.18560266519096214; -0.8606322808580495 0.3142974861395813; 0.6548035086046975 -0.9628041823109132; -0.8460878711853785 -0.31747466684662684; -0.621713352689401 0.155123444261132; 0.007480935495890684 -0.9088870773011939; 0.7013252410711082 0.9937528242679206];

itemPos_test(:,:,4) =  [-0.05212276521993964 0.7441676280942238; 0.945218751579064 0.9129523264802608; -0.019716321956061655 -0.9448603458978238; -0.5636228468035531 0.3994944167421093; -0.5127195681287833 -0.06631648743320873; -0.9126250488062337 -0.9649473639882313; -0.818683997322909 -0.5784988481932363; 0.44118230340045317 -0.6726453175312128; -0.640441082812008 -0.8325178295418829; 0.052691151470848574 0.29011191793004754; 0.4570905768476159 -0.22343982849978405; -0.5844056279812357 0.8159949338078447];

itemPos_test(:,:,5) =  [0.10555196217275187 -0.47215553077418604; 0.5879751972929608 0.5343111955516744; -0.6987974346836288 -0.18696096655070638; 0.2951071312667297 0.6752356665344961; -0.2993443976151302 -0.23704352998687894; -0.5863928729270997 0.3153215755965255; 0.6976425251777101 -0.31147916090780736; -0.12770571196847436 0.25022818615669573; 0.08962324649228348 0.9155389648116172; 0.8045749315042032 -0.677602920571226; 0.8534792326503051 -0.23623778695307496; 0.39598573137217397 0.7370044896988874];

itemPos_test(:,:,6) = [-0.626941329652063 -0.4250799244248509; -0.6448920851317634 -0.2823380413102261; -0.1513100247687369 0.2893875207003693; -0.7010638641322362 -0.42094612496218664; -0.6356614482992964 -0.5469411831224027; 0.9909661114702764 0.11453339368491533; 0.8697962837803987 0.6717413387379758; 0.3180904322060272 0.8213428511548033; 0.46778281462349147 0.0860161172616849; 0.03765200119118006 0.18629932036592223; -0.3747537269472532 -0.6312463401660795; -0.026957812759059507 0.1413430748855633];

itemPos_test(:,:,7) = [-0.6849085111991089 -0.15117372595036405; 0.9790213748339882 0.5812688388163569; -0.26849109981619645 0.12688309071474024; 0.4956037890595324 -0.21327153881441796; -0.306632946895254 0.9839821025521625; 0.7092960711061413 0.05837137475545995; 0.3155557134081106 -0.7400884312757272; -0.4156379009550528 0.3681143858135685; 0.4733455357586682 -0.43393986897976844; -0.5480744897653196 -0.4019214131108504; -0.7334494791345423 -0.9244388165962649; -0.875276324361262 -0.6463514455853294];

itemPos_test(:,:,8) = [0.008802101142370677 -0.7507060560357219; 0.5569145808009086 0.5244368146796312; 0.5583172055610803 -0.17682200332204023; -0.8939000018428067 -0.44264170946450077; 0.42218388537912177 0.01830998936552186; 0.3075826751364006 0.0389030724146231; 0.1210422095569661 0.7780787105990459; -0.793882858011834 0.17558629918014246; 0.24339950150875533 -0.20055342330197257; 0.509024872407527 0.10641191713167109; -0.057582547946155804 -0.747405529449443; 0.9175021191886465 0.34833094653602825];

itemPos_test(:,:,9) =  [0.3972401175469147 -0.5133494897510888; 0.9396406575394634 0.8276464298815558; -0.9407943530321259 -0.26316511442396995; -0.0013226412929845388 0.6839211051712908; 0.004586631444985834 0.28506650164659897; -0.010953527017794507 0.8693846014965452; -0.4700735836696084 0.7285472185324895; -0.5207916321116743 0.5972253571647703; 0.616324616591396 -0.903056686047516; 0.00029386145674648034 -0.16608029692465598; -0.8884593699972085 -0.22488488763538395; -0.13562317840779436 -0.8609161899990376];

itemPos_test(:,:,10) =  [-0.5203955467632695 -0.5775252006926783; -0.5466391594450408 0.10159448938899507; -0.054632186250132 -0.6443440993553446; 0.4191284666003827 0.5561178047133681; 0.18131985313339438 -0.6503933738256598; -0.8273135035446679 0.7870291301042291; -0.3125907808504311 -0.48454184450685145; -0.3587085356871984 0.13765008875395934; -0.11244650474828455 -0.8808568404976267; -0.07419909666930646 -0.0904679419110237; -0.9980697378142032 -0.004530318672007372; -0.17884687307261005 -0.18069592934262513];

itemPos_test(:,:,11) =   [-0.4919689704950174 0.8734347376050495; 0.9950220048848961 -0.9882728207198426; -0.8994717869943012 -0.2651508265057927; 0.7610523840688148 -0.6840524603374709; 0.6656900008816511 0.6499821950402571; -0.34918264312699065 -0.743661764599741; -0.8749396911767036 -0.3423366678667945; 0.18517913208604386 -0.4001639305479052; 0.2755127153744954 0.875612600166209; 0.07523835754877473 0.7380933286775337; 0.13323684060020358 -0.6623291420406325; -0.9002164934783261 -0.5572211759882397];

itemPos_test(:,:,12) = [-0.6746135134050573 0.22679138005395227; -0.8212347517320526 -0.052500659094695035; 0.2416103310976152 0.747816491848682; 0.39320635480806976 0.5822590980959186; -0.8199662002732047 -0.389410534518841; -0.4335651829682603 -0.726112597075534; -0.8045989292551643 -0.36345995816909027; 0.14233500157302292 0.8827723020965053; -0.5966090538732434 -0.3266246715282306; -0.954339760366254 0.856417016696333; -0.47440080696586984 -0.31922343375178786; -0.3804363829368014 0.8541463864947729];

itemPos_test(:,:,13) =   [0.13586479279282204 0.632772088825478; -0.7290958598550799 0.1736182677733613; -0.9276280724309847 -0.7673244783930901; 0.042087722712073505 -0.908227662317119; 0.29126724866201537 -0.9954243564044116; 0.7885028675745125 0.7529536775087309; -0.051337503389269123 0.3682923791006849; 0.11820249424498175 -0.2589739836606366; -0.6119464361922025 -0.796683817803667; -0.32865744088891025 -0.02289459679178618; 0.26370367081027735 0.25832221231423835; 0.3291521935540087 0.24115085432976868];

itemPos_test(:,:,14) =  [0.5101511002536785 -0.23407053835499747; -0.5224225680183798 -0.8097560756715798; 0.27054370903796654 -0.09043321584005226; -0.7672285749085768 0.8189685334453793; -0.09594479817678492 0.11891938383145306; 0.45419116543360594 0.09616966219398049; 0.3719924205414993 -0.47927777221684176; -0.1925799550819347 -0.41082753693777874; -0.9943796026653584 0.3492297854889501; -0.11533070212344132 0.005549391271281401; -0.07906628415767525 -0.8493914744125084; -0.5569534530170057 0.44332831201411826];

itemPos_test(:,:,15) =  [0.8465339197040429 0.2625766950390376; 0.21958220391717442 -0.3342470337681145; 0.17258099458556808 -0.4628148019278091; 0.25970342390910783 -0.7995103401662875; -0.12669048287123763 0.3286479090005574; -0.8532414071904966 -0.10826188429254668; 0.9189106168924555 -0.9363527127902258; 0.6801942293960159 0.011047821271049862; -0.2678544850811302 0.07324272787837427; 0.4510782765111654 0.35810063944675896; 0.07461344840602835 -0.8845735896892257; -0.27399630096725724 0.9479669542245073];

